639.89 617.42 551.46 547.93 507.79 618.39 512.79 531.66 544.12 660.35 494.28 538.35 489.80 655.38 542.24 582.39 567.65 552.66 526.57 596.44 503.77 564.79 511.75 627.42
562.03 601.84 553.98 530.83 614.06 575.26 530.13 552.52 463.18 538.92 545.60 677.86 544.27 569.73 558.41 576.93 519.70 574.94 585.53 584.81 550.39 610.92 459.85 564.15
640.16 622.72 551.01 551.84 506.83 623.74 511.97 535.79 543.57 665.47 493.34 542.36 488.76 660.63 541.69 586.79 567.31 556.85 525.82 601.42 502.79 569.59 510.94 632.26
561.60 606.88 553.53 534.73 614.09 579.70 529.54 556.26 462.12 542.51 545.02 683.61 543.73 574.11 558.02 580.96 519.03 578.84 585.32 589.49 549.84 616.20 458.70 568.11
640.13 616.76 551.69 547.39 508.08 617.72 513.06 531.08 544.37 659.74 494.54 537.79 490.08 654.75 542.49 581.81 567.90 552.09 526.86 595.80 504.07 564.15 512.02 626.82
562.30 601.20 554.22 530.28 614.29 574.67 530.36 552.00 463.43 538.42 545.88 677.18 544.53 569.15 558.64 576.40 519.93 574.43 585.77 584.19 550.67 610.25 460.10 563.62
633.35 623.41 545.90 552.93 501.09 624.44 506.71 537.09 538.17 665.77 488.44 543.56 483.61 660.98 536.38 587.68 561.77 557.97 520.12 602.27 497.14 570.73 505.80 632.81
555.59 607.69 548.25 535.98 608.11 580.66 524.83 557.27 457.94 543.59 539.11 683.79 538.31 575.11 553.01 581.81 514.42 579.69 579.36 590.40 543.73 616.96 454.34 569.06
628.59 612.78 542.23 544.24 496.91 613.70 502.89 527.71 534.29 656.03 484.84 534.54 479.83 650.92 532.56 578.39 557.81 548.74 515.99 592.00 493.02 560.36 502.06 623.22
551.30 597.37 544.45 527.09 603.90 571.20 521.43 549.00 454.83 535.51 534.87 673.06 534.41 565.71 549.42 573.26 511.06 571.38 575.12 580.57 539.35 606.26 451.10 560.49
634.41 616.37 547.21 547.34 502.93 617.32 508.35 531.09 539.62 659.21 490.10 537.77 485.40 654.23 537.82 581.61 563.08 552.01 521.79 595.52 498.98 564.00 507.41 626.43
557.06 600.90 549.59 530.29 609.20 574.50 526.18 551.94 459.57 538.40 540.68 676.53 539.76 569.00 554.25 576.24 515.81 574.28 580.64 583.97 545.32 609.89 456.07 563.50
631.16 621.26 544.94 551.82 500.48 622.25 506.09 536.07 537.23 663.37 488.04 542.51 483.24 658.56 535.47 586.15 560.58 556.75 519.31 600.42 496.58 569.21 505.21 630.77
554.36 605.77 547.23 535.02 606.40 579.17 524.12 556.18 457.87 542.64 538.07 680.96 537.36 573.68 552.00 580.45 513.81 578.39 577.91 588.75 542.61 614.87 454.30 567.82
630.07 628.26 543.43 557.26 498.32 629.32 504.17 541.87 535.57 669.97 486.07 548.12 481.13 665.34 533.82 592.11 559.10 562.54 517.37 607.08 494.42 575.79 503.32 637.13
552.70 612.48 545.70 540.50 605.23 585.21 522.56 561.36 455.92 547.66 536.26 688.31 535.69 579.66 550.59 585.92 512.19 583.70 576.48 595.08 540.79 621.88 452.23 573.25
638.21 620.91 550.58 551.29 507.05 621.91 512.09 535.43 543.23 663.21 493.73 541.92 489.24 658.37 541.38 585.71 566.62 556.20 525.73 600.00 503.07 568.66 511.08 630.49
560.94 605.37 553.06 534.41 612.70 578.70 529.42 555.69 462.87 542.12 544.62 680.86 543.38 573.20 557.52 580.03 519.05 577.97 584.32 588.30 549.35 614.49 459.53 567.35
634.73 623.09 548.04 553.45 504.26 624.10 509.52 537.85 540.56 664.97 491.35 544.22 486.75 660.21 538.75 587.81 563.85 558.46 522.93 602.23 500.33 571.11 508.56 632.41
557.95 607.57 550.43 536.71 609.67 580.88 527.10 557.72 460.87 544.17 541.70 682.68 540.70 575.40 555.02 582.00 516.78 579.90 581.32 590.51 546.33 616.72 457.45 569.39
640.26 629.34 550.59 557.01 506.05 630.43 511.29 541.33 543.09 671.66 492.58 547.71 487.93 667.01 541.20 592.44 566.96 562.37 525.19 607.73 501.99 575.86 510.27 638.24
561.19 613.24 553.12 539.97 614.02 585.44 529.03 561.20 461.28 547.29 544.50 690.50 543.24 579.79 557.66 586.14 518.48 583.87 585.06 595.49 549.34 622.84 457.80 573.26
635.12 626.52 546.92 555.17 502.03 627.58 507.60 539.45 539.22 668.80 489.18 545.85 484.37 664.09 537.41 590.23 562.94 560.38 521.14 605.17 498.05 573.51 506.66 635.65
556.84 610.63 549.31 538.20 609.57 583.23 525.70 559.42 458.45 545.63 540.26 687.22 539.36 577.64 554.04 584.14 515.23 581.95 580.69 593.13 544.94 620.06 454.87 571.34
636.87 620.66 548.68 550.46 504.31 621.66 509.64 534.37 541.12 663.38 491.21 540.97 486.53 658.50 539.29 585.16 564.75 555.36 523.27 599.53 500.31 567.85 508.67 630.36
558.84 604.96 551.12 533.40 611.24 578.07 527.43 554.93 460.36 541.26 542.34 681.23 541.27 572.51 555.72 579.47 516.98 577.41 582.53 587.74 547.05 614.16 456.87 566.68
633.42 629.87 545.11 557.67 499.63 630.96 505.44 542.10 537.26 672.00 487.04 548.43 482.08 667.38 535.46 593.03 561.10 563.06 518.92 608.32 495.65 576.58 504.55 638.69
554.79 613.81 547.46 540.70 607.92 586.06 523.89 561.81 456.41 547.93 538.12 690.81 537.39 580.43 552.31 586.70 513.39 584.42 578.84 596.10 542.76 623.40 452.70 573.86
636.56 620.54 548.58 550.49 504.29 621.54 509.62 534.44 541.04 663.19 491.22 541.02 486.56 658.32 539.21 585.12 564.62 555.39 523.22 599.46 500.31 567.85 508.65 630.23
558.71 604.87 551.01 533.46 611.02 578.04 527.38 554.96 460.42 541.31 542.24 680.98 541.18 572.50 555.62 579.45 516.95 577.39 582.35 587.70 546.94 614.06 456.95 566.68
629.47 619.41 543.56 550.30 498.86 620.38 504.62 534.42 535.76 661.68 486.63 540.93 481.76 656.81 534.03 584.52 559.11 555.13 517.73 598.63 494.98 567.40 503.76 629.10
552.76 603.97 545.81 533.45 604.88 577.52 522.82 554.73 456.62 541.22 536.47 679.11 535.89 572.04 550.66 578.96 512.52 576.94 576.35 587.04 540.96 613.00 453.00 566.32
644.68 635.60 554.24 562.21 510.38 636.75 515.22 546.98 546.97 677.31 496.34 553.13 491.90 672.86 545.03 597.95 570.85 567.90 529.39 613.81 506.27 582.06 514.12 643.86
565.44 619.33 556.88 545.32 618.00 591.07 532.48 566.14 464.61 552.14 548.76 696.71 547.15 585.39 561.21 591.21 521.90 588.81 589.16 601.33 553.71 629.15 461.30 578.37
631.27 619.04 544.21 549.29 499.10 620.02 504.90 533.15 536.37 661.80 486.71 539.77 481.79 656.88 534.61 583.82 559.96 554.11 518.18 598.02 495.17 566.41 504.03 628.87
553.62 603.42 546.50 532.24 606.24 576.72 523.24 553.81 456.41 540.20 537.14 679.44 536.50 571.19 551.36 578.26 512.84 576.23 577.44 586.32 541.70 612.55 452.75 565.49
639.01 613.48 551.72 545.38 508.69 614.40 513.55 529.09 544.48 656.28 495.23 535.81 490.85 651.24 542.63 579.30 567.74 549.91 527.20 592.87 504.72 561.55 512.51 623.76
562.20 598.19 554.22 528.40 613.58 572.19 530.60 550.05 464.36 536.64 545.99 673.19 544.64 566.74 558.59 574.14 520.28 572.25 585.39 581.51 550.72 607.03 461.12 561.48
638.54 627.62 549.42 555.79 504.79 628.69 510.13 540.04 541.85 669.98 491.53 546.45 486.83 665.29 539.99 591.04 565.66 561.05 523.91 606.13 500.76 574.33 509.14 636.68
559.79 611.62 551.90 538.76 612.55 584.03 527.98 560.02 460.43 546.17 543.14 688.60 542.00 578.40 556.49 584.86 517.46 582.64 583.64 593.99 547.93 621.13 456.92 572.01
641.38 635.79 551.46 562.38 507.05 636.95 512.20 547.16 544.01 677.49 493.44 553.30 488.83 673.04 542.11 598.12 567.90 568.07 526.17 614.00 502.97 582.25 511.16 644.04
562.21 619.52 554.02 545.49 615.01 591.24 529.84 566.29 462.02 552.29 545.51 696.90 544.17 585.56 558.51 591.37 519.27 588.97 586.07 601.51 550.38 629.35 458.58 578.53
643.68 625.67 554.20 554.51 510.80 626.72 515.56 538.74 547.00 668.00 496.84 545.18 492.47 663.27 545.08 589.51 570.65 559.68 529.60 604.36 506.73 572.71 514.46 634.88
565.28 609.81 556.82 537.53 617.35 582.50 532.62 558.79 465.32 545.03 548.77 686.33 547.17 576.91 561.11 583.48 522.13 581.31 588.78 592.36 553.67 619.21 462.07 570.68
646.54 629.11 556.43 557.27 513.38 630.20 517.91 541.71 549.37 671.18 499.05 548.04 494.80 666.54 547.41 592.49 573.05 562.61 532.13 607.67 509.27 576.03 516.75 637.98
567.89 613.13 559.13 540.34 619.88 585.53 534.70 561.42 467.24 547.59 551.36 689.84 549.55 579.92 563.29 586.21 524.18 583.96 591.33 595.51 556.35 622.66 464.08 573.42
635.69 629.33 547.39 557.53 502.59 630.42 508.10 542.01 539.72 671.33 489.67 548.31 484.89 666.71 537.90 592.72 563.44 562.88 521.69 607.91 498.60 576.31 507.16 638.17
557.39 613.37 549.80 540.63 610.08 585.77 526.14 561.66 458.88 547.83 540.81 689.99 539.86 580.17 554.50 586.43 515.67 584.18 581.22 595.76 545.51 622.89 455.32 573.65
647.13 624.97 556.34 553.32 512.94 626.02 517.54 537.30 549.23 667.75 498.57 543.85 494.26 662.96 547.26 588.56 573.07 558.45 531.85 603.47 508.80 571.47 516.38 634.33
567.88 608.97 559.06 536.15 620.24 581.47 534.49 557.69 466.62 543.84 551.22 686.23 549.41 575.84 563.25 582.56 523.90 580.39 591.49 591.38 556.24 618.43 463.41 569.65
626.57 624.06 541.25 554.35 496.19 625.08 502.18 538.85 533.32 665.79 484.33 545.16 479.33 661.07 531.62 588.72 556.63 559.41 515.12 603.20 492.35 572.15 501.38 633.27
550.07 608.54 543.42 537.65 602.29 581.82 520.66 558.56 454.61 545.02 533.80 683.56 533.43 576.33 548.40 582.84 510.38 580.72 573.72 591.47 538.21 617.71 450.89 570.25
648.00 629.98 557.23 557.66 514.10 631.08 518.58 542.06 550.19 672.17 499.61 548.40 495.37 667.55 548.21 593.07 573.99 563.05 532.93 608.40 509.96 576.60 517.41 638.81
568.89 613.90 559.97 540.67 621.08 586.09 535.37 561.81 467.60 547.91 552.27 691.04 550.38 580.45 564.10 586.73 524.80 584.45 592.42 596.15 557.31 623.50 464.44 573.87
636.57 618.23 548.69 548.63 504.49 619.21 509.79 532.43 541.17 661.07 491.41 539.09 486.76 656.12 539.34 583.12 564.72 553.41 523.38 597.24 500.51 565.62 508.82 628.15
558.82 602.64 551.13 531.56 611.06 576.01 527.51 553.18 460.63 539.58 542.38 678.63 541.31 570.48 555.72 577.61 517.09 575.60 582.43 585.58 547.08 611.74 457.16 564.84
640.42 631.31 550.89 558.80 506.50 632.42 511.69 543.31 543.42 673.35 493.00 549.59 488.38 668.77 541.54 594.26 567.25 564.26 525.59 609.70 502.45 577.94 510.66 640.00
561.52 615.20 553.43 541.85 614.22 587.31 529.36 562.89 461.71 548.97 544.86 692.32 543.58 581.67 557.94 587.82 518.82 585.52 585.33 597.41 549.70 624.85 458.26 574.98
634.15 619.95 547.19 550.50 503.01 620.93 508.41 534.58 539.61 662.33 490.21 541.10 485.52 657.46 537.81 584.87 563.02 555.36 521.82 599.06 499.07 567.71 507.48 629.63
557.01 604.43 549.56 533.60 609.03 577.84 526.20 554.94 459.72 541.38 540.67 679.89 539.75 572.34 554.22 579.26 515.85 577.22 580.53 587.41 545.29 613.52 456.24 566.57
640.27 616.97 551.61 547.41 507.86 617.94 512.87 531.07 544.26 660.04 494.32 537.79 489.83 655.05 542.38 581.92 567.85 552.13 526.69 595.96 503.84 564.22 511.83 627.04
562.23 601.37 554.14 530.26 614.35 574.76 530.23 552.04 463.16 538.42 545.77 677.56 544.42 569.23 558.57 576.49 519.78 574.51 585.77 584.31 550.57 610.45 459.82 563.68
639.04 623.41 550.62 552.87 506.70 624.43 511.81 537.01 543.20 665.80 493.31 543.49 488.76 661.01 541.34 587.64 566.78 557.91 525.56 602.25 502.69 570.68 510.79 632.81
561.07 607.67 553.11 535.90 613.25 580.62 529.30 557.21 462.28 543.52 544.61 683.84 543.36 575.06 557.60 581.78 518.85 579.66 584.64 590.37 549.38 616.95 458.89 569.01
646.02 618.00 556.14 548.03 513.11 618.98 517.66 531.68 549.07 661.12 498.84 538.40 494.59 656.14 547.12 582.70 572.71 552.80 531.84 596.87 509.02 565.02 516.51 628.00
567.53 602.31 558.82 530.84 619.46 575.53 534.46 552.64 467.10 538.97 551.03 678.81 549.25 569.97 562.99 577.19 523.96 575.18 590.95 585.15 556.00 611.46 463.94 564.34
637.60 618.73 549.61 549.09 505.61 619.71 510.81 532.94 542.14 661.49 492.40 539.57 487.81 656.56 540.30 583.58 565.68 553.89 524.45 597.74 501.62 566.15 509.81 628.59
559.87 603.14 552.07 532.04 612.01 576.48 528.38 553.61 461.52 540.01 543.45 679.08 542.29 570.95 556.60 578.04 517.97 576.02 583.43 586.06 548.18 612.24 458.10 565.27
629.62 612.86 543.68 544.77 499.00 613.77 504.75 528.40 535.89 655.78 486.75 535.15 481.89 650.71 534.15 578.70 559.23 549.26 517.87 592.23 495.12 560.85 503.89 623.21
552.90 597.56 545.93 527.75 605.01 571.57 522.93 549.47 456.73 536.05 536.61 672.67 536.02 566.11 550.78 573.58 512.63 571.70 576.49 580.88 541.10 606.39 453.12 560.89
642.33 620.04 552.54 549.35 508.50 621.04 513.50 533.02 545.18 663.21 494.74 539.73 490.23 658.28 543.27 584.30 568.99 554.23 527.50 598.72 504.42 566.71 512.43 629.89
563.42 604.20 555.12 532.11 615.96 577.12 530.92 553.92 463.27 540.16 546.79 681.21 545.34 571.52 559.53 578.63 520.38 576.58 587.15 586.85 551.67 613.47 459.90 565.72
645.07 623.76 555.30 552.85 512.09 624.79 516.73 536.92 548.17 666.31 497.95 543.43 493.64 661.51 546.24 587.79 571.83 557.92 530.86 602.48 508.00 570.75 515.60 633.17
566.57 607.93 557.96 535.81 618.59 580.73 533.66 557.22 466.29 543.47 550.05 684.49 548.35 575.15 562.19 581.88 523.16 579.75 590.03 590.54 555.00 617.27 463.09 569.07
643.98 624.90 553.97 553.48 510.24 625.95 515.08 537.53 546.71 667.55 496.27 544.04 491.85 662.77 544.78 588.62 570.50 558.61 529.18 603.48 506.15 571.60 513.98 634.24
565.07 608.96 556.60 536.37 617.47 581.55 532.29 557.83 464.66 544.02 548.46 685.95 546.88 575.94 560.92 582.63 521.75 580.47 588.72 591.43 553.39 618.38 461.36 569.76
634.27 631.45 545.57 558.79 500.02 632.56 505.82 543.27 537.72 673.55 487.34 549.57 482.39 668.96 535.92 594.32 561.64 564.26 519.37 609.79 496.03 577.97 504.92 640.13
555.36 615.30 547.94 541.81 608.61 587.35 524.27 562.89 456.60 548.95 538.63 692.57 537.86 581.70 552.78 587.86 513.74 585.55 579.46 597.47 543.31 624.97 452.90 575.00
637.70 628.97 549.05 557.20 504.57 630.05 509.90 541.65 541.50 671.02 491.39 547.97 486.70 666.38 539.65 592.39 565.21 562.53 523.60 607.55 500.55 575.93 508.92 637.85
559.32 613.01 551.52 540.28 611.90 585.43 527.71 561.35 460.41 547.53 542.75 689.66 541.65 579.82 556.12 586.13 517.23 583.88 583.09 595.41 547.50 622.52 456.92 573.34
641.81 614.76 553.45 545.97 510.40 615.69 515.14 529.61 546.28 657.76 496.62 536.35 492.29 652.72 544.39 580.18 569.70 550.57 529.01 593.94 506.38 562.39 514.06 624.98
564.29 599.32 556.03 528.89 615.92 573.03 532.11 550.64 465.40 537.13 547.96 674.94 546.44 567.54 560.32 574.91 521.71 572.99 587.59 582.46 552.79 608.26 462.18 562.17
630.93 624.08 544.25 553.81 499.36 625.11 505.11 538.14 536.46 666.17 486.99 544.53 482.11 661.41 534.70 588.44 559.95 558.88 518.35 603.03 495.45 571.69 504.24 633.36
553.63 608.42 546.54 536.97 606.04 581.48 523.36 558.09 456.77 544.45 537.23 684.13 536.58 575.95 551.38 582.55 513.00 580.42 577.35 591.20 541.77 617.67 453.14 569.86
627.50 614.84 541.49 546.12 496.14 615.77 502.18 529.80 533.52 657.78 484.20 536.52 479.17 652.75 531.81 580.29 556.99 550.72 515.20 594.05 492.27 562.54 501.37 625.04
550.42 599.42 543.69 529.07 602.97 573.16 520.77 550.78 454.32 537.28 534.02 674.93 533.64 567.67 548.68 575.03 510.43 573.10 574.22 582.58 538.48 608.35 450.57 562.30
633.32 635.18 544.88 562.02 499.26 636.33 505.12 546.81 537.00 676.84 486.70 552.95 481.71 672.38 535.20 597.67 560.88 567.68 518.60 613.46 495.28 581.78 504.23 643.47
554.54 618.97 547.23 545.16 607.78 590.79 523.64 565.94 456.06 551.98 537.83 696.15 537.13 585.13 552.10 590.96 513.12 588.57 578.64 601.02 542.48 628.75 452.33 578.14
639.41 629.52 550.07 557.33 505.54 630.62 510.81 541.71 542.55 671.73 492.17 548.06 487.50 667.09 540.67 592.69 566.37 562.69 524.64 607.97 501.49 576.18 509.80 638.39
560.56 613.46 552.58 540.33 613.31 585.71 528.58 561.49 460.97 547.60 543.91 690.53 542.70 580.07 557.14 586.38 518.05 584.12 584.40 595.75 548.71 623.05 457.49 573.53
634.09 619.60 546.23 549.49 501.31 620.60 506.93 533.30 538.50 662.49 488.59 539.94 483.75 657.57 536.70 584.18 562.18 554.34 520.41 598.47 497.35 566.72 506.01 629.42
556.01 603.90 548.60 532.37 608.69 577.06 525.08 554.02 457.98 540.35 539.47 680.28 538.64 571.50 553.35 578.56 514.63 576.52 579.85 586.71 544.12 613.09 454.37 565.75
632.44 630.03 545.13 558.50 500.17 631.12 505.87 543.16 537.36 671.72 487.63 549.38 482.76 667.14 535.58 593.55 560.95 563.88 519.23 608.72 496.23 577.34 504.98 638.75
554.70 614.15 547.46 541.73 607.29 586.66 524.10 562.56 457.22 548.79 538.22 690.30 537.49 581.08 552.26 587.23 513.69 584.97 578.50 596.61 542.81 623.64 453.59 574.52
642.74 629.25 552.93 557.13 508.99 630.34 513.94 541.51 545.60 671.45 495.18 547.86 490.70 666.81 543.69 592.47 569.39 562.49 527.97 607.71 504.92 575.94 512.87 638.14
563.87 613.20 555.52 540.14 616.35 585.49 531.30 561.30 463.68 547.43 547.24 690.22 545.76 579.85 559.91 586.18 520.77 583.92 587.56 595.51 552.14 622.77 460.33 573.34
634.94 626.95 547.32 555.98 502.85 628.01 508.30 540.43 539.70 668.91 489.98 546.76 485.25 664.23 537.89 590.85 563.26 561.20 521.79 605.74 498.88 574.33 507.36 635.98
557.23 611.16 549.71 539.14 609.58 583.91 526.20 560.16 459.34 546.44 540.78 687.20 539.84 578.35 554.39 584.75 515.79 582.55 580.90 593.76 545.44 620.54 455.82 572.03
629.24 616.43 542.69 547.25 497.41 617.38 503.34 530.96 534.77 659.35 485.26 537.66 480.27 654.35 533.04 581.59 558.31 551.93 516.49 595.53 493.51 563.94 502.51 626.50
551.84 600.91 544.93 530.17 604.46 574.46 521.84 551.86 455.18 538.31 535.39 676.71 534.89 568.95 549.87 576.21 511.47 574.24 575.67 583.95 539.90 609.93 451.46 563.45
628.99 611.66 543.08 543.70 498.23 612.57 504.05 527.23 535.24 654.75 486.07 534.03 481.17 649.64 533.51 577.61 558.61 548.14 517.14 591.05 494.36 559.60 503.21 622.15
552.21 596.38 545.31 526.63 604.42 570.44 522.34 548.46 456.10 535.05 535.90 671.55 535.36 564.99 550.20 572.57 512.03 570.71 575.85 579.73 540.38 605.18 452.45 559.87
635.05 614.97 547.56 546.00 503.23 615.91 508.64 529.60 539.97 658.05 490.33 536.36 485.63 653.01 538.16 580.29 563.49 550.61 522.12 594.10 499.27 562.47 507.69 625.20
557.49 599.49 549.96 528.88 609.72 573.13 526.47 550.68 459.71 537.14 541.07 675.30 540.11 567.62 554.61 575.00 516.07 573.07 581.11 582.58 545.73 608.46 456.21 562.23
627.32 610.88 541.86 543.20 496.92 611.78 502.84 526.73 533.97 653.94 484.95 533.53 479.99 648.81 532.26 577.00 557.29 547.60 515.82 590.34 493.06 558.97 502.02 621.42
550.79 595.66 544.06 526.16 602.96 569.84 521.24 547.98 455.16 534.60 534.51 670.62 534.09 564.40 549.00 572.02 510.96 570.18 574.42 579.08 538.94 604.41 451.47 559.34
640.75 619.30 551.45 548.92 507.33 620.30 512.42 532.60 544.03 662.42 493.77 539.31 489.21 657.48 542.15 583.74 567.78 553.76 526.32 598.07 503.28 566.14 511.38 629.20
562.12 603.53 553.99 531.71 614.61 576.58 529.94 553.50 462.48 539.78 545.53 680.29 544.19 571.00 558.45 578.14 519.43 576.10 585.83 586.26 550.37 612.75 459.08 565.26
634.78 614.08 547.31 545.23 502.91 615.01 508.35 528.75 539.70 657.27 490.05 535.55 485.33 652.20 537.89 579.49 563.23 549.79 521.82 593.22 498.95 561.55 507.41 624.40
557.20 598.61 549.70 528.07 609.48 572.30 526.22 549.94 459.45 536.41 540.78 674.45 539.84 566.80 554.37 574.26 515.82 572.35 580.84 581.73 545.43 607.56 455.93 561.48
632.26 626.39 545.34 555.73 500.65 627.43 506.28 540.22 537.62 668.25 488.11 546.53 483.28 663.57 535.84 590.47 561.11 560.92 519.60 605.27 496.72 573.97 505.39 635.44
554.90 610.67 547.66 538.94 607.24 583.55 524.39 559.91 457.76 546.24 538.50 686.42 537.75 578.01 552.44 584.42 514.02 582.24 578.58 593.35 543.08 619.99 454.17 571.74
630.29 618.55 544.20 549.54 499.60 619.51 505.29 533.58 536.45 660.93 487.27 540.12 482.43 656.03 534.70 583.74 559.80 554.32 518.46 597.77 495.71 566.50 504.42 628.33
553.51 603.12 546.47 532.66 605.61 576.71 523.42 554.00 457.18 540.50 537.21 678.30 536.57 571.23 551.29 578.23 513.11 576.22 577.09 586.21 541.73 612.13 453.58 565.58
643.17 624.22 554.23 553.66 511.11 625.25 515.81 537.90 547.08 666.46 497.18 544.33 492.86 661.70 545.16 588.42 570.60 558.74 529.79 603.07 507.06 571.58 514.71 633.52
565.25 608.48 556.84 536.74 617.04 581.42 532.76 557.96 465.78 544.27 548.84 684.53 547.25 575.87 561.11 582.50 522.32 580.36 588.61 591.19 553.72 617.78 462.57 569.76
632.92 620.60 544.58 549.79 498.92 621.61 504.80 533.49 536.68 663.74 486.40 540.18 481.40 658.82 534.89 584.78 560.55 554.70 518.26 599.26 494.94 567.24 503.93 630.40
554.18 604.74 546.91 532.55 607.43 577.61 523.36 554.34 455.81 540.57 537.48 681.80 536.80 572.01 551.80 579.07 512.84 577.01 578.29 587.37 542.12 614.04 452.07 566.16
637.39 631.38 548.94 559.34 504.51 632.49 509.84 544.01 541.38 673.12 491.36 550.22 486.68 668.56 539.54 594.58 565.06 564.80 523.51 609.94 500.50 578.44 508.86 640.00
559.16 615.39 551.39 542.52 611.66 587.69 527.63 563.38 460.43 549.54 542.62 691.91 541.53 582.08 555.99 588.16 517.17 585.86 582.89 597.73 547.36 624.97 456.94 575.41
631.92 627.54 544.29 556.07 498.90 628.60 504.75 540.44 536.41 669.68 486.47 546.80 481.51 665.00 534.64 591.16 560.13 561.33 518.11 606.18 494.95 574.56 503.88 636.55
553.77 611.63 546.59 539.14 606.69 584.18 523.21 560.27 456.05 546.48 537.19 688.17 536.54 578.59 551.47 585.00 512.75 582.78 577.73 594.10 541.78 621.08 452.34 572.21
646.53 625.85 555.91 554.12 512.47 626.91 517.11 538.19 548.77 668.50 498.17 544.69 493.85 663.75 546.81 589.38 572.60 559.30 531.37 604.35 508.34 572.41 515.96 635.11
567.36 609.84 558.61 537.00 619.72 582.31 534.09 558.45 466.29 544.60 550.72 687.04 548.95 576.68 562.82 583.31 523.52 581.13 590.98 592.24 555.73 619.33 463.06 570.42
642.01 630.09 552.03 557.62 507.75 631.19 512.84 541.98 544.62 672.35 494.06 548.33 489.49 667.72 542.71 593.09 568.50 563.02 526.84 608.46 503.67 576.58 511.78 638.92
562.87 613.96 554.61 540.59 615.60 586.10 530.39 561.77 462.59 547.85 546.18 691.27 544.78 580.45 559.06 586.73 519.83 584.46 586.68 596.18 551.06 623.59 459.18 573.86
638.19 618.51 550.29 549.06 506.55 619.49 511.65 532.94 542.89 661.20 493.24 539.56 488.71 656.27 541.05 583.47 566.37 553.84 525.31 597.58 502.56 566.07 510.64 628.37
560.65 602.97 552.77 532.05 612.60 576.38 529.08 553.57 462.34 540.00 544.27 678.72 543.05 570.87 557.26 577.95 518.68 575.94 584.11 585.94 549.00 612.04 458.97 565.21
633.49 630.53 545.30 558.34 499.93 631.63 505.71 542.85 537.47 672.53 487.32 549.13 482.39 667.93 535.67 593.67 561.27 563.75 519.18 609.00 495.96 577.33 504.81 639.27
554.99 614.48 547.65 541.41 608.02 586.73 524.10 562.44 456.71 548.56 538.35 691.35 537.60 581.10 552.48 587.30 513.61 585.01 578.99 596.78 542.99 624.08 453.02 574.49
631.12 623.68 544.87 553.84 500.38 624.70 506.00 538.25 537.15 665.57 487.94 544.61 483.14 660.83 535.40 588.28 560.51 558.88 519.22 602.77 496.48 571.61 505.12 632.95
554.29 608.12 547.16 537.09 606.35 581.35 524.05 558.09 457.77 544.52 537.99 683.37 537.28 575.85 551.94 582.42 513.73 580.31 577.85 591.01 542.52 617.30 454.20 569.80
632.58 622.95 545.86 553.04 501.43 623.97 506.97 537.34 538.19 665.03 488.82 543.75 484.06 660.26 536.42 587.54 561.61 558.05 520.29 601.99 497.51 570.72 506.06 632.32
555.47 607.37 548.19 536.22 607.60 580.57 524.94 557.34 458.48 543.75 539.12 682.84 538.33 575.06 552.93 581.72 514.59 579.62 579.05 590.23 543.71 616.55 454.94 569.06
630.52 617.15 544.10 548.12 499.30 618.11 505.04 531.99 536.31 659.83 486.97 538.62 482.09 654.87 534.56 582.37 559.75 552.84 518.24 596.33 495.40 564.90 504.18 627.11
553.44 601.69 546.38 531.14 605.73 575.29 523.26 552.68 456.82 539.16 537.07 677.16 536.44 569.80 551.22 576.95 512.92 574.97 577.10 584.77 541.60 610.69 453.19 564.25
628.85 609.82 543.13 542.28 498.40 610.70 504.20 525.71 535.31 652.99 486.25 532.56 481.36 647.83 533.59 576.04 558.63 546.62 517.26 589.29 494.54 557.88 503.35 620.47
552.25 594.61 545.36 525.20 604.35 568.85 522.43 547.10 456.31 533.73 535.98 669.60 535.44 563.42 550.23 571.12 512.14 569.31 575.83 578.06 540.45 603.33 452.68 558.44
634.61 624.37 546.42 553.29 501.37 625.41 507.01 537.39 538.67 666.91 488.60 543.88 483.75 662.13 536.87 588.29 562.42 558.39 520.53 603.05 497.39 571.30 506.08 633.73
556.26 608.50 548.80 536.24 609.09 581.24 525.20 557.64 457.91 543.87 539.67 685.17 538.81 575.65 553.55 582.34 514.72 580.20 580.16 591.07 544.33 617.88 454.29 569.52
633.01 616.67 546.35 547.84 502.08 617.62 507.56 531.70 538.72 659.32 489.41 538.33 484.68 654.35 536.94 582.01 562.10 552.53 520.89 595.90 498.16 564.52 506.64 626.67
556.02 601.25 548.69 530.87 608.03 574.93 525.43 552.39 459.05 538.90 539.70 676.57 538.86 569.45 553.39 576.62 515.09 574.66 579.54 584.38 544.29 610.22 455.54 563.94
629.39 622.00 543.25 552.30 498.35 623.00 504.17 536.54 535.42 664.14 486.15 542.98 481.23 659.34 533.68 586.72 558.83 557.26 517.29 601.09 494.46 569.82 503.32 631.46
552.44 606.45 545.50 535.46 604.74 579.75 522.48 556.64 456.11 543.07 536.09 681.85 535.54 574.24 550.38 580.98 512.15 578.89 576.11 589.37 540.59 615.60 452.46 568.32
633.28 618.46 545.75 548.69 500.86 619.44 506.50 532.46 538.01 661.36 488.22 539.12 483.38 656.42 536.22 583.25 561.63 553.47 519.92 597.41 496.91 565.72 505.60 628.37
555.43 602.83 548.10 531.58 608.02 576.12 524.67 553.24 457.71 539.61 538.93 678.99 538.14 570.58 552.87 577.72 514.25 575.70 579.23 585.72 543.55 611.95 454.10 564.92
633.06 620.98 545.45 550.71 500.43 621.98 506.12 534.65 537.68 663.68 487.83 541.23 482.96 658.81 535.89 585.43 561.33 555.63 519.53 599.84 496.48 568.16 505.22 630.64
555.10 605.26 547.79 533.65 607.78 578.35 524.36 555.18 457.33 541.50 538.57 681.56 537.81 572.79 552.59 579.73 513.92 577.66 578.94 588.03 543.19 614.48 453.70 566.93
638.36 626.37 550.23 555.51 506.35 627.41 511.48 539.93 542.81 668.36 493.04 546.27 488.49 663.67 540.96 590.35 566.34 560.70 525.18 605.18 502.36 573.76 510.48 635.44
560.60 610.59 552.72 538.66 612.69 583.40 528.98 559.71 462.10 546.01 544.18 686.60 542.97 577.84 557.21 584.28 518.56 582.10 584.14 593.22 548.93 619.95 458.71 571.57
635.11 629.28 546.83 557.42 501.87 630.36 507.45 541.88 539.12 671.32 489.03 548.19 484.20 666.69 537.30 592.64 562.86 562.77 521.01 607.83 497.88 576.20 506.52 638.13
556.74 613.30 549.22 540.50 609.54 585.68 525.59 561.56 458.29 547.72 540.15 690.00 539.25 580.07 553.96 586.35 515.11 584.10 580.63 595.67 544.83 622.83 454.68 573.56
628.92 612.87 543.18 544.85 498.47 613.78 504.25 528.51 535.37 655.75 486.30 535.25 481.42 650.68 533.64 578.76 558.69 549.35 517.33 592.27 494.60 560.93 503.41 623.21
552.32 597.60 545.42 527.86 604.41 571.63 522.48 549.55 456.36 536.14 536.04 672.61 535.49 566.18 550.29 573.63 512.19 571.75 575.90 580.93 540.51 606.41 452.73 560.96
635.85 615.31 548.14 546.21 503.86 616.25 509.22 529.81 540.58 658.41 490.87 536.57 486.19 653.37 538.76 580.55 564.12 550.84 522.76 594.40 499.89 562.73 508.26 625.51
558.17 599.80 550.55 529.08 610.42 573.38 526.99 550.88 460.16 537.32 541.74 675.71 540.72 567.87 555.18 575.24 516.58 573.30 581.79 582.86 546.42 608.79 456.68 562.45
640.24 618.33 551.15 548.22 507.07 619.32 512.17 531.86 543.74 661.48 493.56 538.59 489.00 656.51 541.86 582.95 567.45 553.01 526.03 597.17 503.02 565.28 511.14 628.31
561.76 602.61 553.68 531.01 614.18 575.78 529.70 552.83 462.34 539.14 545.20 679.23 543.89 570.21 558.16 577.41 519.20 575.40 585.44 585.41 550.02 611.79 458.94 564.55
641.48 625.70 551.64 553.97 507.32 626.76 512.44 538.02 544.21 668.38 493.69 544.53 489.11 663.62 542.31 589.23 568.07 559.14 526.41 604.19 503.25 572.24 511.40 634.98
562.41 609.69 554.20 536.84 615.13 582.16 530.04 558.31 462.28 544.45 545.73 686.91 544.37 576.52 558.68 583.18 519.48 580.99 586.23 592.09 550.60 619.17 458.86 570.28
638.32 626.04 550.66 555.60 507.14 627.08 512.17 540.12 543.31 667.83 493.80 546.42 489.32 663.15 541.46 590.25 566.71 560.77 525.82 604.99 503.16 573.76 511.15 635.10
561.04 610.37 553.14 538.85 612.80 583.34 529.49 559.78 462.93 546.14 544.71 685.91 543.47 577.82 557.60 584.23 519.12 582.06 584.41 593.11 549.45 619.66 459.59 571.58
634.88 624.33 547.36 553.84 502.94 625.36 508.38 538.12 539.75 666.50 490.08 544.53 485.36 661.75 537.94 588.56 563.28 558.92 521.86 603.21 498.98 571.77 507.44 633.61
557.26 608.61 549.75 536.95 609.55 581.58 526.26 558.12 459.46 544.45 540.83 684.55 539.89 576.03 554.41 582.64 515.86 580.50 580.91 591.33 545.48 617.90 455.95 569.92
625.86 621.89 540.34 552.26 494.90 622.89 501.03 536.51 532.32 664.01 483.15 542.95 478.07 659.20 530.62 586.65 555.73 557.21 513.95 601.00 491.06 569.76 500.25 631.36
549.06 606.36 542.49 535.44 601.55 579.68 519.72 556.59 453.45 543.04 532.70 681.69 532.42 574.18 547.54 580.92 509.41 578.84 572.85 589.30 537.11 615.49 449.67 568.27
636.71 622.26 549.47 552.55 505.82 623.26 510.96 536.83 542.06 664.34 492.68 543.25 488.14 659.55 540.23 586.97 565.42 557.53 524.51 601.35 501.87 570.11 509.97 631.68
559.64 606.71 551.91 535.74 611.39 580.00 528.40 556.88 461.98 543.31 543.34 682.05 542.21 574.50 556.43 581.21 518.05 579.12 583.02 589.63 548.03 615.86 458.61 568.56
633.62 632.88 545.50 560.39 500.23 634.01 505.98 545.10 537.69 674.60 487.60 551.29 482.68 670.08 535.90 595.80 561.47 565.93 519.45 611.33 496.26 579.75 505.07 641.37
555.21 616.80 547.86 543.55 608.17 588.91 524.32 564.38 456.98 550.49 538.59 693.60 537.83 583.28 552.68 589.27 513.83 586.93 579.18 599.02 543.24 626.46 453.32 576.48
625.91 624.89 540.36 554.77 494.92 625.91 501.04 539.24 532.33 666.71 483.16 545.57 478.08 662.00 530.64 589.30 555.75 559.87 513.97 603.91 491.07 572.73 500.26 634.05
549.08 609.28 542.51 538.02 601.59 582.39 519.74 558.98 453.45 545.38 532.72 684.64 532.44 576.88 547.57 583.36 509.43 581.22 572.88 592.10 537.13 618.51 449.67 570.73
633.80 617.81 545.62 547.68 500.35 618.79 506.08 531.25 537.81 661.08 487.69 538.01 482.78 656.08 536.01 582.43 561.60 552.45 519.57 596.62 496.37 564.66 505.18 627.86
555.35 602.08 547.98 530.43 608.32 575.24 524.42 552.32 457.06 538.62 538.73 678.82 537.95 569.66 552.79 576.93 513.93 574.92 579.32 584.87 543.38 611.25 453.39 564.04
624.85 618.90 539.71 549.91 494.29 619.86 500.46 534.00 531.66 661.19 482.65 540.52 477.56 656.31 529.98 584.09 555.02 554.71 513.30 598.14 490.46 566.92 499.69 628.63
548.30 603.48 541.84 533.06 600.70 577.08 519.18 554.35 453.08 540.86 531.99 678.56 531.77 571.61 546.91 578.56 508.89 576.55 572.05 586.58 536.36 612.49 449.29 565.92
635.39 623.24 548.59 553.57 504.90 624.25 510.11 537.98 541.14 665.11 491.91 544.34 487.34 660.36 539.33 587.94 564.43 558.59 523.56 602.38 500.96 571.26 509.14 632.54
558.58 607.72 550.99 536.83 610.27 581.02 527.61 557.83 461.36 544.28 542.33 682.84 541.28 575.53 555.55 582.12 517.29 580.02 581.94 590.65 546.98 616.87 457.97 569.51
638.59 622.69 550.75 552.67 507.16 623.70 512.20 536.89 543.39 664.89 493.80 543.34 489.30 660.10 541.54 587.22 566.83 557.66 525.88 601.68 503.17 570.32 511.18 632.11
561.16 607.07 553.24 535.79 613.00 580.23 529.54 557.00 462.87 543.38 544.80 682.73 543.54 574.71 557.69 581.42 519.15 579.32 584.57 589.91 549.55 616.27 459.54 568.73
639.03 611.84 551.40 543.74 508.10 612.75 513.04 527.23 544.11 654.99 494.66 534.05 490.23 649.87 542.25 577.71 567.46 548.18 526.72 591.18 504.12 559.68 512.00 622.33
561.87 596.53 553.90 526.64 613.49 570.53 530.22 548.50 463.74 535.07 545.58 671.85 544.27 565.07 558.30 572.65 519.86 570.79 585.17 579.84 550.33 605.35 460.46 559.93
641.76 629.00 552.51 557.25 508.73 630.08 513.68 541.71 545.19 671.03 495.01 548.02 490.54 666.40 543.29 592.43 568.87 562.58 527.61 607.58 504.67 575.98 512.61 637.87
563.32 613.04 555.08 540.34 615.59 585.47 531.00 561.39 463.66 547.58 546.78 689.66 545.35 579.87 559.47 586.16 520.51 583.92 586.92 595.45 551.64 622.56 460.33 573.38
636.32 630.68 547.85 558.60 503.10 631.78 508.57 543.16 540.21 672.57 490.10 549.43 485.34 667.99 538.38 593.88 563.94 564.02 522.19 609.20 499.10 577.60 507.61 639.38
557.93 614.66 550.28 541.72 610.63 586.95 526.56 562.68 459.25 548.83 541.34 691.37 540.35 581.34 554.95 587.50 516.08 585.21 581.76 596.99 546.06 624.24 455.69 574.71
637.11 629.49 548.74 557.79 504.30 630.58 509.65 542.32 541.18 671.40 491.18 548.60 486.50 666.78 539.34 592.93 564.85 563.14 523.30 608.11 500.30 576.58 508.67 638.30
558.93 613.56 551.19 540.92 611.42 586.00 527.46 561.90 460.29 548.09 542.40 690.02 541.33 580.40 555.80 586.64 517.00 584.38 582.66 595.97 547.13 623.07 456.80 573.88
640.90 622.18 552.15 551.80 508.51 623.19 513.46 535.84 544.83 664.72 494.88 542.37 490.42 659.89 542.95 586.54 568.42 556.78 527.31 601.04 504.48 569.42 512.40 631.71
562.85 606.46 554.69 534.79 614.92 579.48 530.74 556.20 463.67 542.52 546.39 682.67 544.99 573.93 559.09 580.75 520.29 578.66 586.36 589.20 551.21 615.71 460.34 567.97
635.69 626.30 548.52 555.89 504.63 627.34 509.88 540.45 541.04 668.03 491.63 546.73 487.02 663.36 539.22 590.52 564.43 561.07 523.38 605.27 500.68 574.09 508.92 635.33
558.55 610.64 550.94 539.16 610.44 583.63 527.48 560.05 461.01 546.42 542.23 686.10 541.18 578.10 555.51 584.48 517.12 582.31 582.00 593.39 546.89 619.93 457.58 571.85
643.27 628.86 553.15 556.63 509.13 629.95 514.08 540.91 545.82 671.22 495.26 547.31 490.77 666.56 543.89 592.03 569.67 561.96 528.15 607.28 505.03 575.40 513.00 637.82
564.15 612.78 555.76 539.58 616.76 585.02 531.46 560.83 463.68 546.93 547.49 690.02 545.98 579.37 560.14 585.76 520.90 583.51 587.91 595.05 552.40 622.36 460.32 572.88
637.17 631.97 548.37 559.53 503.61 633.08 509.05 544.14 540.75 673.83 490.52 550.37 485.77 669.28 538.91 594.94 564.54 565.02 522.74 610.40 499.59 578.75 508.08 640.56
558.56 615.88 550.82 542.64 611.34 588.02 527.01 563.57 459.56 549.67 541.94 692.79 540.89 582.38 555.47 588.46 516.51 586.15 582.43 598.11 546.68 625.53 456.01 575.66
634.00 623.04 545.95 552.22 500.85 624.07 506.53 536.22 538.19 665.69 488.15 542.77 483.28 660.87 536.38 587.14 561.92 557.24 520.01 601.77 496.88 570.01 505.62 632.53
555.72 607.22 548.32 535.14 608.55 580.06 524.77 556.62 457.52 542.87 539.13 683.82 538.32 574.48 553.10 581.28 514.30 579.16 579.63 589.85 543.78 616.54 453.89 568.45
639.10 612.91 551.53 544.70 508.31 613.82 513.22 528.29 544.26 655.91 494.85 535.06 490.44 650.83 542.40 578.69 567.59 549.19 526.90 592.24 504.33 560.80 512.18 623.28
562.02 597.58 554.04 527.64 613.58 571.54 530.37 549.41 463.94 535.97 545.75 672.83 544.42 566.08 558.43 573.56 520.02 571.67 585.29 580.87 550.49 606.43 460.67 560.85
636.50 611.48 549.39 543.53 505.77 612.38 510.91 527.03 541.98 654.59 492.65 533.85 488.12 649.47 540.15 577.44 565.31 547.95 524.44 590.86 501.82 559.40 509.92 621.99
559.53 596.20 551.82 526.45 611.23 570.27 528.34 548.30 461.98 534.88 543.25 671.39 542.12 564.81 556.34 572.41 518.00 570.55 582.88 579.55 547.93 604.99 458.61 559.70
638.34 616.26 550.42 547.16 506.70 617.22 511.79 530.88 543.03 659.17 493.38 537.58 488.85 654.18 541.18 581.47 566.50 551.83 525.46 595.39 502.71 563.82 510.77 626.35
560.79 600.77 552.90 530.09 612.73 574.34 529.20 551.77 462.46 538.23 544.41 676.51 543.18 568.84 557.38 576.10 518.80 574.14 584.25 583.83 549.15 609.77 459.10 563.35
636.80 621.92 548.57 551.48 504.15 622.93 509.50 535.47 541.00 664.54 491.06 542.02 486.37 659.70 539.17 586.25 564.65 556.45 523.13 600.74 500.15 569.07 508.53 631.49
558.72 606.17 551.01 534.43 611.17 579.18 527.31 555.90 460.21 542.21 542.21 682.51 541.15 573.62 555.62 580.48 516.86 578.39 582.43 588.90 546.92 615.43 456.72 567.68
642.98 622.04 553.85 551.65 510.53 623.05 515.30 535.67 546.65 664.61 496.64 542.21 492.27 659.77 544.74 586.39 570.23 556.62 529.28 600.89 506.47 569.25 514.20 631.59
564.84 606.31 556.46 534.62 616.79 579.33 532.35 556.06 465.22 542.37 548.38 682.56 546.82 573.77 560.75 580.62 521.89 578.52 588.28 589.05 553.26 615.56 461.98 567.83
643.84 620.49 554.34 550.15 510.97 621.49 515.71 533.99 547.15 663.34 496.98 540.62 492.63 658.44 545.23 584.92 570.80 555.05 529.76 599.31 506.90 567.53 514.61 630.23
565.44 604.75 556.96 533.03 617.50 577.80 532.76 554.65 465.45 540.95 548.93 681.23 547.32 572.24 561.24 579.24 522.27 577.18 588.93 587.50 553.84 613.97 462.21 566.41